11,9
11,8
11,7
119,103
119,102
119,101
119,100
119,99
119,98
119,97
119,96
119,95
119,94
119,93
119,92
119,91
119,90
119,89
119,88
119,87
119,86
119,85
119,84
119,83
119,82
119,81
119,80
119,79
119,78
119,77
119,76
119,75
119,74
119,73
119,72
119,71
119,70
119,69
119,68
119,67
119,66
119,65
119,64
119,38
119,37
119,36
119,35
119,34
119,33
119,32
119,31
119,30
119,29
119,28
119,27
119,26
119,25
119,24
119,23
119,22
119,21
119,20
119,19
119,18
119,17
119,16
119,15
119,14
119,13
119,12
119,11
119,10
119,9
119,8
119,7
279,5
279,4
279,3
279,2
279,1
279,0
278,5
278,4
278,3
278,2
278,1
278,0
277,4
277,3
277,2
277,1
277,0
276,3
276,2
276,1
276,0
275,3
275,2
275,1
275,0
274,4
274,3
274,2
274,1
274,0
273,3
273,2
273,1
273,0
2,24
272,10
272,9
272,8
272,7
272,6
272,5
272,4
272,3
272,2
272,1
272,0
271,5
271,4
271,3
271,2
271,1
271,0
270,5
270,4
270,3
270,2
270,1
270,0
269,5
269,4
269,3
269,2
269,1
269,0
2,23
268,5
268,4
268,3
268,2
268,1
268,0
267,3
267,2
267,1
267,0
266,3
266,2
266,1
266,0
265,3
265,2
265,1
265,0
264,3
264,2
264,1
264,0
263,3
263,2
263,1
263,0
262,7
262,6
262,5
262,4
262,3
262,2
262,1
262,0
261,3
261,2
261,1
261,0
260,5
260,4
260,3
260,2
260,1
260,0
259,3
259,2
259,1
259,0
258,3
258,2
258,1
258,0
2,22
257,3
257,2
257,1
257,0
256,4
256,3
256,2
256,1
256,0
2,21
255,7
255,6
255,5
255,4
255,3
255,2
255,1
255,0
254,3
254,2
254,1
254,0
253,5
253,4
253,3
253,2
253,1
253,0
252,4
252,3
252,2
252,1
252,0
251,4
251,3
251,2
251,1
251,0
250,5
250,4
250,3
250,2
250,1
250,0
249,5
249,4
249,3
249,2
249,1
249,0
248,5
248,4
248,3
248,2
248,1
248,0
247,5
247,4
247,3
247,2
247,1
247,0
246,5
246,4
246,3
246,2
246,1
246,0
245,4
245,3
245,2
245,1
245,0
244,3
244,2
244,1
244,0
243,3
243,2
243,1
243,0
242,3
242,2
242,1
242,0
0,450
241,3
241,2
241,1
241,0
240,6
240,5
240,4
240,3
240,2
240,1
240,0
239,5
239,4
239,3
239,2
239,1
239,0
238,5
238,4
238,3
238,2
238,1
238,0
2,20
237,6
237,5
237,4
237,3
237,2
237,1
237,0
236,5
0,449
236,4
236,3
236,2
236,1
236,0
235,4
235,3
235,2
235,1
235,0
234,5
234,4
234,3
234,2
234,1
234,0
233,5
233,4
233,3
233,2
233,1
233,0
232,5
232,4
232,3
232,2
232,1
232,0
231,5
231,4
231,3
231,2
231,1
231,0
2,19
230,6
230,5
230,4
230,3
230,2
230,1
230,0
229,4
229,3
229,2
229,1
229,0
228,5
228,4
228,3
228,2
228,1
228,0
227,5
227,4
227,3
227,2
227,1
227,0
226,3
226,2
226,1
226,0
225,3
225,2
225,1
225,0
224,8
224,7
224,6
224,5
224,4
224,3
224,2
224,1
224,0
0,448
223,3
223,2
223,1
223,0
222,9
222,8
222,7
222,6
222,5
222,4
222,3
222,2
222,1
222,0
221,3
221,2
221,1
221,0
220,3
220,2
220,1
220,0
219,3
219,2
219,1
219,0
218,3
218,2
218,1
218,0
217,3
217,2
217,1
217,0
216,3
216,2
216,1
216,0
215,3
215,2
215,1
215,0
214,3
214,2
214,1
214,0
213,3
213,2
213,1
213,0
212,3
212,2
212,1
212,0
211,3
211,2
211,1
211,0
210,4
210,3
210,2
210,1
210,0
209,3
209,2
209,1
209,0
208,3
208,2
208,1
208,0
207,3
207,2
207,1
207,0
206,3
206,2
206,1
206,0
205,3
205,2
205,1
205,0
204,3
204,2
204,1
204,0
203,3
203,2
203,1
203,0
202,3
202,2
202,1
202,0
201,3
201,2
201,1
201,0
200,3
200,2
200,1
200,0
199,3
199,2
199,1
199,0
198,3
198,2
198,1
198,0
197,4
197,3
197,2
197,1
197,0
196,3
196,2
196,1
196,0
2,18
195,6
195,5
195,4
195,3
195,2
195,1
195,0
194,7
194,6
194,5
194,4
194,3
194,2
194,1
194,0
193,3
193,2
193,1
193,0
0,447
192,3
192,2
192,1
192,0
191,3
191,2
191,1
191,0
190,3
190,2
190,1
190,0
189,3
189,2
189,1
189,0
188,4
188,3
188,2
188,1
188,0
187,3
187,2
187,1
187,0
186,5
186,4
186,3
186,2
186,1
186,0
185,5
185,4
185,3
185,2
185,1
185,0
184,3
184,2
184,1
184,0
183,4
183,3
183,2
183,1
183,0
182,4
182,3
182,2
182,1
182,0
181,3
181,2
181,1
181,0
180,5
180,4
180,3
180,2
180,1
180,0
2,17
179,8
179,7
179,6
179,5
179,4
179,3
179,2
179,1
179,0
178,5
178,4
178,3
178,2
178,1
178,0
177,5
177,4
177,3
177,2
177,1
177,0
0,446
0,445
176,5
176,4
176,3
176,2
176,1
176,0
2,16
175,5
175,4
175,3
175,2
175,1
175,0
174,4
174,3
174,2
174,1
174,0
173,4
173,3
173,2
173,1
173,0
172,5
172,4
172,3
172,2
172,1
172,0
171,5
171,4
171,3
171,2
171,1
171,0
170,5
170,4
170,3
170,2
170,1
170,0
169,6
169,5
169,4
169,3
169,2
169,1
169,0
168,5
168,4
168,3
168,2
168,1
168,0
167,5
167,4
167,3
167,2
167,1
167,0
166,5
166,4
166,3
166,2
166,1
166,0
165,5
165,4
165,3
165,2
165,1
165,0
164,5
164,4
164,3
164,2
164,1
164,0
2,15
163,5
163,4
163,3
163,2
163,1
163,0
162,5
0,444
0,443
162,4
162,3
162,2
162,1
162,0
0,442
161,4
161,3
161,2
161,1
161,0
160,4
160,3
160,2
160,1
160,0
159,6
159,5
159,4
159,3
159,2
159,1
159,0
158,4
158,3
158,2
158,1
158,0
157,4
157,3
157,2
157,1
157,0
0,441
156,5
156,4
156,3
156,2
156,1
156,0
155,5
155,4
155,3
155,2
155,1
155,0
154,4
154,3
154,2
154,1
154,0
153,4
153,3
153,2
153,1
153,0
0,440
152,4
152,3
152,2
152,1
152,0
151,3
151,2
151,1
151,0
150,3
150,2
150,1
150,0
149,3
149,2
149,1
149,0
148,3
148,2
148,1
148,0
147,3
147,2
147,1
147,0
2,14
0,439
146,7
146,6
146,5
146,4
146,3
146,2
146,1
146,0
145,3
145,2
145,1
145,0
144,3
144,2
144,1
144,0
143,6
143,5
143,4
143,3
143,2
143,1
143,0
2,13
142,5
142,4
142,3
142,2
142,1
142,0
141,8
141,7
141,6
141,5
141,4
141,3
141,2
141,1
141,0
140,4
140,3
140,2
140,1
140,0
2,12
139,7
139,6
139,5
139,4
139,3
139,2
139,1
139,0
138,6
138,5
138,4
138,3
138,2
138,1
138,0
137,4
137,3
137,2
137,1
137,0
136,3
136,2
136,1
136,0
135,4
135,3
135,2
135,1
135,0
134,3
134,2
134,1
134,0
133,3
133,2
133,1
133,0
132,4
132,3
132,2
132,1
132,0
131,7
131,6
131,5
131,4
131,3
131,2
131,1
131,0
130,5
130,4
130,3
130,2
130,1
130,0
129,10
129,9
129,8
129,7
129,6
129,5
129,4
129,3
129,2
129,1
129,0
0,438
128,3
128,2
128,1
128,0
2,11
127,3
127,2
127,1
127,0
126,3
126,2
126,1
126,0
125,6
125,5
125,4
125,3
125,2
125,1
125,0
124,3
124,2
124,1
124,0
123,3
123,2
123,1
123,0
122,5
122,4
122,3
122,2
122,1
122,0
121,6
121,5
121,4
121,3
121,2
121,1
121,0
120,3
120,2
120,1
120,0
119,6
119,5
119,4
119,3
119,2
119,1
119,0
118,6
118,5
118,4
118,3
118,2
118,1
118,0
117,5
117,4
117,3
117,2
117,1
117,0
116,8
116,7
116,6
116,5
116,4
116,3
116,2
116,1
116,0
115,3
115,2
115,1
115,0
114,4
0,437
0,436
114,3
114,2
114,1
114,0
113,8
113,7
113,6
113,5
113,4
113,3
113,2
113,1
113,0
112,3
112,2
112,1
112,0
111,3
111,2
111,1
111,0
110,5
110,4
110,3
110,2
110,1
110,0
2,10
109,7
109,6
109,5
109,4
109,3
109,2
109,1
109,0
108,4
108,3
108,2
108,1
108,0
107,6
107,5
107,4
107,3
107,2
107,1
107,0
2,9
106,4
106,3
106,2
106,1
106,0
105,3
105,2
105,1
105,0
104,3
104,2
104,1
104,0
103,6
103,5
103,4
103,3
103,2
103,1
103,0
2,8
102,7
102,6
102,5
102,4
102,3
102,2
102,1
102,0
101,4
101,3
101,2
101,1
101,0
100,6
100,5
100,4
100,3
100,2
100,1
100,0
99,4
99,3
99,2
99,1
99,0
98,3
98,2
98,1
98,0
97,3
97,2
97,1
97,0
96,3
96,2
96,1
96,0
95,3
95,2
95,1
95,0
94,3
94,2
94,1
94,0
93,3
93,2
93,1
93,0
92,3
92,2
92,1
92,0
0,435
91,3
91,2
91,1
91,0
90,3
90,2
90,1
90,0
89,3
89,2
89,1
89,0
88,3
88,2
88,1
88,0
87,4
87,3
87,2
87,1
87,0
0,434
0,433
86,3
86,2
86,1
86,0
0,432
0,431
85,5
85,4
85,3
85,2
85,1
85,0
0,430
0,429
84,3
84,2
84,1
84,0
0,428
0,427
0,426
83,3
83,2
83,1
83,0
82,3
82,2
82,1
82,0
81,3
81,2
81,1
81,0
80,3
80,2
80,1
80,0
79,3
79,2
79,1
79,0
78,3
78,2
78,1
78,0
77,3
77,2
77,1
77,0
76,3
76,2
76,1
76,0
75,3
75,2
75,1
75,0
74,3
74,2
74,1
74,0
73,3
73,2
73,1
73,0
72,4
72,3
72,2
72,1
72,0
0,425
0,424
71,3
71,2
71,1
71,0
0,423
2,7
0,422
70,3
70,2
70,1
70,0
0,421
0,420
69,3
69,2
69,1
69,0
0,419
0,418
68,3
68,2
68,1
68,0
0,417
0,416
67,3
67,2
67,1
67,0
0,415
0,414
66,4
66,3
66,2
66,1
66,0
0,413
0,412
0,411
65,3
65,2
65,1
65,0
0,410
0,409
64,5
64,4
64,3
64,2
64,1
64,0
0,408
0,407
0,406
63,3
63,2
63,1
63,0
62,3
62,2
62,1
62,0
61,3
61,2
61,1
61,0
60,3
60,2
60,1
60,0
59,3
59,2
59,1
59,0
58,3
58,2
58,1
58,0
57,3
57,2
57,1
57,0
56,3
56,2
56,1
56,0
55,3
55,2
55,1
55,0
54,3
54,2
54,1
54,0
53,3
53,2
53,1
53,0
52,6
52,5
52,4
52,3
52,2
52,1
52,0
0,405
0,404
0,403
0,402
51,5
51,4
51,3
51,2
51,1
51,0
0,401
0,400
50,3
50,2
50,1
50,0
0,399
0,398
49,4
49,3
49,2
49,1
49,0
0,397
0,396
48,5
48,4
48,3
48,2
48,1
48,0
0,395
0,394
47,3
47,2
47,1
47,0
0,393
0,392
46,4
46,3
46,2
46,1
46,0
0,391
0,390
45,3
45,2
45,1
45,0
0,389
0,388
44,3
44,2
44,1
44,0
0,387
0,386
43,3
43,2
43,1
43,0
0,385
2,6
0,384
42,3
42,2
42,1
42,0
0,383
0,382
41,7
41,6
41,5
41,4
41,3
41,2
41,1
41,0
0,381
0,380
40,4
40,3
40,2
40,1
40,0
0,379
0,378
39,3
39,2
39,1
39,0
0,377
0,376
38,5
38,4
38,3
38,2
38,1
38,0
0,375
0,374
37,4
37,3
37,2
37,1
37,0
0,373
0,372
36,5
36,4
36,3
36,2
36,1
36,0
0,371
0,370
35,4
35,3
35,2
35,1
35,0
0,369
0,368
34,3
34,2
34,1
34,0
0,367
0,366
33,6
33,5
33,4
33,3
33,2
33,1
33,0
0,365
0,364
32,4
32,3
32,2
32,1
32,0
0,363
0,362
31,3
31,2
31,1
31,0
0,361
2,5
2,1
2,4
2,2
2,0
0,360
30,6
30,5
30,4
30,3
30,2
30,1
30,0
0,359
0,358
29,3
29,2
29,1
29,0
0,357
0,356
28,3
28,2
28,1
28,0
0,355
0,354
27,3
27,2
27,1
27,0
0,353
0,352
26,4
26,3
26,2
26,1
26,0
0,351
0,350
25,3
25,2
25,1
25,0
0,349
0,348
24,3
24,2
24,1
24,0
0,347
0,346
23,3
23,2
23,1
23,0
0,345
0,344
22,4
22,3
22,2
22,1
22,0
0,343
0,342
21,3
21,2
21,1
21,0
0,341
0,340
20,3
20,2
20,1
20,0
0,339
0,338
19,3
19,2
19,1
19,0
0,337
0,336
18,3
18,2
18,1
18,0
0,335
0,334
17,3
17,2
17,1
17,0
0,333
0,332
16,3
16,2
16,1
16,0
0,331
0,330
15,3
15,2
15,1
15,0
0,329
0,328
14,4
14,3
14,2
14,1
14,0
0,327
0,326
13,3
13,2
13,1
13,0
0,325
0,324
0,323
12,3
12,2
12,1
12,0
0,322
0,321
11,6
11,5
11,4
11,3
11,2
11,1
11,0
0,320
0,319
10,6
10,5
10,4
10,3
10,2
10,1
10,0
0,318
0,317
9,4
9,3
9,2
9,1
9,0
0,316
0,315
8,3
8,2
8,1
8,0
0,314
0,313
7,6
7,5
7,4
7,3
7,2
7,1
7,0
0,312
0,243
0,0
6,4
6,3
6,2
6,1
6,0
5,7
5,6
5,5
5,4
5,3
5,2
5,1
5,0
4,3
2,3
1,3
0,9
0,1
0,300
0,299
0,298
0,297
0,296
0,295
0,294
0,293
0,292
0,291
0,290
0,289
0,288
0,287
0,286
0,285
0,284
0,283
0,282
0,281
0,280
0,279
0,278
0,277
0,276
0,275
0,274
0,273
0,272
0,271
0,270
0,269
0,268
0,267
0,266
0,265
0,264
0,263
0,262
0,261
0,260
0,259
0,258
0,257
0,256
0,255
0,254
0,253
0,252
0,251
0,250
0,249
0,248
0,247
0,246
0,245
0,244
0,242
0,241
0,240
0,239
0,238
0,237
0,236
0,235
0,234
0,233
0,232
0,231
0,230
0,229
0,228
0,227
0,226
0,225
0,224
0,223
0,222
0,221
0,220
0,219
0,218
0,217
0,216
0,215
0,214
0,213
0,212
0,211
0,210
0,209
0,208
0,207
0,206
0,205
0,204
0,203
0,202
0,201
0,200
0,199
0,198
0,197
0,196
0,195
0,194
0,193
0,192
0,63
0,62
0,61
0,60
0,59
0,58
0,57
0,56
0,55
0,54
0,53
0,52
0,51
0,50
0,311
0,49
0,310
0,48
0,309
0,47
0,308
0,46
0,307
0,45
0,301
0,6
0,5
0,304
0,303
0,306
0,305
0,302
0,12
0,10
0,8
0,11
0,4
0,2
0,3
0,7
