43,1
43,0
42,3
42,2
42,1
42,0
41,7
41,6
41,5
41,4
41,3
41,2
41,1
41,0
40,4
40,3
40,2
40,1
40,0
39,3
39,2
39,1
39,0
38,5
38,4
38,3
38,2
38,1
38,0
37,4
37,3
37,2
37,1
37,0
36,5
36,4
36,3
36,2
36,1
36,0
35,4
35,3
35,2
35,1
35,0
34,3
34,2
34,1
34,0
33,6
33,5
33,4
33,3
33,2
33,1
33,0
32,4
32,3
32,2
32,1
32,0
31,3
31,2
31,1
31,0
30,6
30,5
30,4
30,3
30,2
30,1
30,0
29,3
29,2
29,1
29,0
28,3
28,2
28,1
28,0
27,3
27,2
27,1
27,0
26,4
26,3
26,2
26,1
26,0
25,3
25,2
25,1
25,0
24,3
24,2
24,1
24,0
23,3
23,2
23,1
23,0
22,4
22,3
22,2
22,1
22,0
21,3
21,2
21,1
21,0
20,3
20,2
20,1
20,0
19,3
19,2
19,1
19,0
18,3
18,2
18,1
18,0
17,3
17,2
17,1
17,0
16,3
16,2
16,1
16,0
15,3
15,2
15,1
15,0
14,4
14,3
14,2
14,1
14,0
13,3
13,2
13,1
13,0
12,3
12,2
12,1
12,0
11,9
11,8
11,7
11,6
11,5
11,4
11,3
11,2
11,1
11,0
10,6
10,5
10,4
10,3
10,2
10,1
10,0
9,4
9,3
9,2
9,1
9,0
8,3
8,2
8,1
8,0
7,6
7,5
7,4
7,3
7,2
7,1
7,0
6,4
6,3
6,2
6,1
6,0
5,7
5,6
5,5
5,4
5,3
5,2
5,1
5,0
4,3
2,24
2,23
2,22
2,21
2,20
2,19
2,18
2,17
2,16
2,15
2,14
2,13
2,12
2,11
2,10
2,9
2,8
2,7
2,6
2,5
2,4
2,3
2,2
2,1
2,0
1,3
0,449
0,448
0,447
0,444
0,438
0,435
0,405
0,243
0,9
0,0
0,1
43,2
43,3
44,1
44,2
45,0
45,1
45,3
46,1
46,2
46,4
47,0
47,2
48,0
48,1
48,3
48,4
49,0
49,1
49,3
50,0
50,1
50,3
52,0
52,2
52,4
52,5
53,0
53,1
53,3
54,0
54,2
55,0
55,1
55,3
56,0
56,2
57,0
57,1
57,3
58,0
58,2
58,3
59,1
59,3
60,0
60,2
60,3
61,1
61,3
62,0
62,2
62,3
63,1
63,3
64,0
64,2
64,3
64,5
65,0
65,2
66,0
66,1
66,3
66,4
67,1
67,3
68,0
68,2
68,3
69,1
69,2
70,0
70,2
70,3
72,1
72,2
72,4
73,1
73,2
74,0
74,1
74,3
75,0
75,2
76,0
76,1
76,3
77,0
77,2
78,0
78,1
78,3
79,0
79,2
80,0
80,1
80,3
81,0
81,2
81,3
82,1
82,3
83,0
83,2
83,3
84,1
84,3
85,0
85,2
85,3
85,5
87,0
87,2
87,4
88,0
88,2
88,3
89,1
89,3
90,0
90,2
90,3
91,1
91,2
92,0
92,2
92,3
93,1
93,2
94,0
94,2
94,3
95,1
95,2
96,0
96,1
96,3
97,1
97,2
98,0
98,1
98,3
99,1
99,2
99,4
100,0
100,2
100,4
100,5
101,0
101,1
101,3
101,4
102,1
102,3
102,4
102,6
102,7
103,1
103,3
103,4
103,6
104,0
104,2
104,3
105,1
105,3
106,0
106,2
106,3
107,0
107,2
107,3
107,5
107,6
108,1
108,2
108,4
109,1
109,2
109,4
109,5
109,7
110,1
110,2
110,4
110,5
111,1
111,3
112,0
112,2
112,3
113,1
113,2
113,4
113,6
113,7
114,0
114,1
114,3
115,0
115,1
115,3
116,0
116,2
116,3
116,5
116,7
116,8
117,1
117,2
117,4
118,0
118,1
118,3
118,4
118,6
119,0
119,2
119,4
119,5
119,7
119,8
119,10
119,12
119,13
119,15
119,16
119,18
119,19
119,21
119,23
119,24
119,26
119,27
119,29
119,31
119,32
119,34
119,35
119,37
119,64
119,65
119,67
119,68
119,70
119,71
119,73
119,75
119,76
119,78
119,79
119,81
119,83
119,84
119,86
119,87
119,89
119,90
119,92
119,94
119,95
119,97
119,98
119,100
119,102
119,103
120,1
120,2
121,0
121,1
121,3
121,5
121,6
122,1
122,2
122,4
123,0
123,1
123,3
124,0
124,2
125,0
125,1
125,3
125,4
125,6
126,0
126,2
127,0
127,1
127,3
128,0
128,2
129,0
129,1
129,3
129,4
129,6
129,7
129,9
130,0
130,1
130,3
130,4
131,0
131,2
131,3
131,5
131,6
132,0
132,1
132,3
133,0
133,1
133,3
134,0
134,2
135,0
135,1
135,3
135,4
136,1
136,3
137,0
137,2
137,3
138,0
138,1
138,3
138,5
138,6
139,1
139,2
139,4
139,6
139,7
140,1
140,2
140,4
141,0
141,2
141,4
141,5
141,7
141,8
142,1
142,3
142,4
143,0
143,1
143,3
143,4
143,6
144,1
144,2
145,0
145,1
145,3
146,1
146,2
146,4
146,5
146,7
147,0
147,2
148,0
148,1
148,3
149,0
149,2
150,0
150,1
150,3
151,0
151,2
152,0
152,1
152,3
152,4
153,1
153,2
153,4
154,1
154,2
154,4
155,0
155,2
155,4
155,5
156,1
156,2
156,4
156,5
157,1
157,3
157,4
158,1
158,2
158,4
159,1
159,2
159,4
159,5
160,0
160,1
160,3
161,0
161,1
161,3
161,4
162,1
162,3
162,4
163,0
163,1
163,3
163,5
164,0
164,2
164,3
164,5
165,0
165,2
165,4
165,5
166,1
166,2
166,4
167,0
167,1
167,3
167,4
168,0
168,1
168,3
168,5
169,0
169,2
169,3
169,5
170,0
170,1
170,3
170,4
171,0
171,1
171,3
171,5
172,0
172,2
172,3
172,5
173,1
173,2
173,4
174,0
174,2
174,3
175,0
175,2
175,3
175,5
176,0
176,2
176,4
176,5
177,1
177,2
177,4
178,0
178,1
178,3
178,4
179,0
179,1
179,3
179,5
179,6
179,8
180,0
180,2
180,4
180,5
181,1
181,2
182,0
182,1
182,3
183,0
183,1
183,3
183,4
184,1
184,3
185,0
185,2
185,3
185,5
186,0
186,2
186,4
186,5
187,1
187,2
188,0
188,2
188,3
189,0
189,1
189,3
190,1
190,2
191,0
191,1
191,3
192,0
192,2
193,0
193,1
193,3
194,0
194,2
194,4
194,5
194,7
195,0
195,2
195,3
195,5
197,0
197,1
197,3
197,4
198,1
198,3
199,0
199,2
199,3
200,1
200,2
201,0
201,2
201,3
202,1
202,2
203,0
203,2
203,3
204,1
204,2
205,0
205,1
205,3
206,1
206,2
207,0
207,1
207,3
208,1
208,2
210,0
210,1
210,3
211,0
211,1
211,3
212,0
212,2
212,3
213,1
213,3
214,0
214,2
214,3
215,1
215,3
216,0
216,2
216,3
217,1
217,2
218,0
218,2
218,3
219,1
219,2
220,0
220,2
220,3
221,1
221,2
222,0
222,1
222,3
222,5
222,6
222,8
222,9
223,1
223,3
224,0
224,2
224,3
224,5
224,7
224,8
225,1
225,2
226,0
226,1
226,3
227,1
227,2
227,4
227,5
228,1
228,3
228,4
229,0
229,1
229,3
229,4
230,1
230,3
230,4
230,6
231,0
231,2
231,4
231,5
232,1
232,2
232,4
232,5
233,1
233,3
233,4
234,0
234,1
234,3
234,5
235,0
235,2
235,3
236,0
236,2
236,3
236,5
237,0
237,2
237,3
237,5
238,0
238,1
238,3
238,4
239,0
239,2
239,3
239,5
240,0
240,2
240,3
240,5
241,0
241,1
241,3
242,0
242,2
243,0
243,1
243,3
244,0
244,2
244,3
245,1
245,3
245,4
246,1
246,2
246,4
247,0
247,1
247,3
247,4
248,0
248,1
248,3
248,5
249,0
249,2
249,3
249,5
250,1
250,2
250,4
250,5
251,1
251,3
251,4
252,1
252,2
252,4
253,0
253,2
253,4
253,5
254,1
254,2
255,0
255,2
255,3
255,5
255,6
256,0
256,1
256,3
257,0
257,1
257,3
258,0
258,2
259,0
259,1
259,3
260,0
260,2
260,3
260,5
261,1
261,2
262,0
262,1
262,3
262,5
262,6
263,0
263,1
263,3
264,1
264,2
265,0
265,1
265,3
266,0
266,2
267,0
267,1
267,3
268,0
268,2
268,4
268,5
269,1
269,2
269,4
269,5
270,1
270,3
270,4
271,0
271,1
271,3
271,5
272,0
272,2
272,3
272,5
272,6
272,8
272,10
273,0
273,2
273,3
274,1
274,3
274,4
275,1
275,2
276,0
276,1
276,3
277,1
277,2
277,4
278,0
278,2
278,4
278,5
279,1
279,2
279,4
279,5
279,3
279,0
278,3
278,1
277,3
277,0
276,2
275,3
275,0
274,2
274,0
273,1
272,9
272,7
272,4
272,1
271,4
271,2
270,5
270,2
270,0
269,3
269,0
268,3
268,1
267,2
266,3
266,1
265,2
264,3
264,0
263,2
262,7
262,4
262,2
261,3
261,0
260,4
260,1
259,2
258,3
258,1
257,2
256,4
256,2
255,7
255,4
255,1
254,3
254,0
253,3
253,1
252,3
252,0
251,2
251,0
250,3
250,0
249,4
249,1
248,4
248,2
247,5
247,2
246,5
246,3
246,0
245,2
245,0
244,1
243,2
242,3
242,1
241,2
240,6
240,4
240,1
239,4
239,1
238,5
238,2
237,6
237,4
237,1
236,4
236,1
235,4
235,1
234,4
234,2
233,5
233,2
233,0
232,3
232,0
231,3
231,1
230,5
230,2
230,0
229,2
228,5
228,2
228,0
227,3
227,0
226,2
225,3
225,0
224,6
224,4
224,1
223,2
223,0
222,7
222,4
222,2
221,3
221,0
220,1
219,3
219,0
218,1
217,3
217,0
216,1
215,2
215,0
214,1
213,2
213,0
212,1
211,2
210,4
210,2
208,3
208,0
207,2
206,3
206,0
205,2
204,3
204,0
203,1
202,3
202,0
201,1
200,3
200,0
199,1
198,2
198,0
197,2
195,6
195,4
195,1
194,6
194,3
194,1
193,2
192,3
192,1
191,2
190,3
190,0
189,2
188,4
188,1
187,3
187,0
186,3
186,1
185,4
185,1
184,2
184,0
183,2
182,4
182,2
181,3
181,0
180,3
180,1
179,7
179,4
179,2
178,5
178,2
177,5
177,3
177,0
176,3
176,1
175,4
175,1
174,4
174,1
173,3
173,0
172,4
172,1
171,4
171,2
170,5
170,2
169,6
169,4
169,1
168,4
168,2
167,5
167,2
166,5
166,3
166,0
165,3
165,1
164,4
164,1
163,4
163,2
162,5
162,2
162,0
161,2
160,4
160,2
159,6
159,3
159,0
158,3
158,0
157,2
157,0
156,3
156,0
155,3
155,1
154,3
154,0
153,3
153,0
152,2
151,3
151,1
150,2
149,3
149,1
148,2
147,3
147,1
146,6
146,3
146,0
145,2
144,3
144,0
143,5
143,2
142,5
142,2
142,0
141,6
141,3
141,1
140,3
140,0
139,5
139,3
139,0
138,4
138,2
137,4
137,1
136,2
136,0
135,2
134,3
134,1
133,2
132,4
132,2
131,7
131,4
131,1
130,5
130,2
129,10
129,8
129,5
129,2
128,3
128,1
127,2
126,3
126,1
125,5
125,2
124,3
124,1
123,2
122,5
122,3
122,0
121,4
121,2
120,3
120,0
119,101
119,99
119,96
119,93
119,91
119,88
119,85
119,82
119,80
119,77
119,74
119,72
119,69
119,66
119,38
119,36
119,33
119,30
119,28
119,25
119,22
119,20
119,17
119,14
119,11
119,9
119,6
119,3
119,1
118,5
118,2
117,5
117,3
117,0
116,6
116,4
116,1
115,2
114,4
114,2
113,8
113,5
113,3
113,0
112,1
111,2
111,0
110,3
110,0
109,6
109,3
109,0
108,3
108,0
107,4
107,1
106,4
106,1
105,2
105,0
104,1
103,5
103,2
103,0
102,5
102,2
102,0
101,2
100,6
100,3
100,1
99,3
99,0
98,2
97,3
97,0
96,2
95,3
95,0
94,1
93,3
93,0
92,1
91,3
91,0
90,1
89,2
89,0
88,1
87,3
87,1
85,4
85,1
84,2
84,0
83,1
82,2
82,0
81,1
80,2
79,3
79,1
78,2
77,3
77,1
76,2
75,3
75,1
74,2
73,3
73,0
72,3
72,0
70,1
69,3
69,0
68,1
67,2
67,0
66,2
65,3
65,1
64,4
64,1
63,2
63,0
62,1
61,2
61,0
60,1
59,2
59,0
58,1
57,2
56,3
56,1
55,2
54,3
54,1
53,2
52,6
52,3
52,1
50,2
49,4
49,2
48,5
48,2
47,3
47,1
46,3
46,0
45,2
44,3
44,0
0,450
0,440
0,437
0,446
0,300
0,299
0,298
0,297
0,296
0,295
0,294
0,293
0,292
0,291
0,290
0,289
0,288
0,287
0,286
0,285
0,284
0,283
0,282
0,281
0,280
0,279
0,278
0,277
0,276
0,275
0,274
0,273
0,272
0,271
0,270
0,269
0,268
0,267
0,266
0,265
0,264
0,263
0,262
0,261
0,260
0,259
0,258
0,257
0,256
0,255
0,254
0,253
0,252
0,251
0,250
0,249
0,248
0,247
0,246
0,245
0,244
0,242
0,241
0,240
0,239
0,238
0,237
0,236
0,235
0,234
0,233
0,232
0,231
0,230
0,229
0,228
0,227
0,226
0,225
0,224
0,223
0,222
0,221
0,220
0,219
0,218
0,217
0,216
0,215
0,214
0,213
0,212
0,211
0,210
0,209
0,208
0,207
0,206
0,205
0,204
0,203
0,202
0,201
0,200
0,199
0,198
0,197
0,196
0,195
0,194
0,193
0,192
0,63
0,62
0,61
0,60
0,59
0,58
0,57
0,56
0,55
0,54
0,53
0,52
0,51
0,50
0,49
0,48
0,47
0,46
0,45
0,6
0,5
0,304
0,303
0,306
0,305
0,302
0,443
0,12
0,404
0,10
0,445
0,8
0,436
0,11
0,4
0,2
0,3
0,7
