31,0
28,5
28,4
28,3
28,2
28,1
28,0
27,5
27,4
27,3
27,2
27,1
27,0
26,5
26,4
26,3
26,2
26,1
26,0
25,3
25,2
25,1
25,0
23,4
23,3
23,2
23,1
23,0
19,4
19,3
19,2
19,1
19,0
18,4
18,3
18,2
18,1
18,0
14,9
14,6
14,4
14,3
14,2
14,1
14,0
12,8
12,7
12,6
12,5
12,4
12,3
12,2
12,1
12,0
10,5
10,4
10,3
10,2
10,1
10,0
7,5
7,4
7,3
7,2
7,1
7,0
6,7
6,6
6,5
6,4
6,3
6,2
6,1
6,0
5,3
5,2
5,1
5,0
4,3
4,2
4,1
4,0
3,6
3,5
3,4
3,3
3,2
3,1
3,0
2,16
2,15
2,11
2,8
2,6
2,5
2,3
2,2
2,1
2,0
1,3
1,2
1,1
1,0
0,436
0,410
0,324
0,243
0,9
0,0
0,1
0,440
0,411
0,300
0,409
0,299
0,408
0,298
0,407
0,297
0,296
0,405
0,295
0,404
0,294
0,403
0,293
0,402
0,292
0,401
0,291
0,400
0,290
0,399
0,289
0,428
0,288
0,398
0,287
0,427
0,286
0,397
0,285
0,396
0,284
0,395
0,283
0,426
0,282
0,394
0,281
0,393
0,280
0,425
0,279
0,392
0,278
0,391
0,277
0,424
0,276
0,390
0,275
0,389
0,274
0,388
0,273
0,387
0,272
0,386
0,271
0,385
0,270
0,423
31,1
31,2
31,4
31,5
31,7
34,0
34,2
36,0
36,1
36,3
37,0
37,2
37,4
37,5
37,7
38,0
38,2
38,3
38,5
39,1
39,2
39,4
39,5
39,7
39,9
39,11
39,13
39,14
40,0
40,1
40,3
40,5
40,6
40,8
40,10
41,0
41,2
41,3
41,5
41,6
41,9
42,0
42,2
42,4
42,5
42,8
42,9
46,1
46,3
46,4
47,1
47,2
47,4
48,0
48,1
48,3
48,4
48,6
51,0
51,2
51,4
51,5
52,0
52,1
52,3
52,6
52,7
52,10
52,11
53,1
53,2
53,4
54,0
54,1
54,3
54,4
55,0
55,2
55,3
55,5
56,0
56,2
56,3
56,5
57,1
57,2
57,4
58,0
58,2
58,4
61,0
61,2
61,3
61,5
61,7
62,0
62,2
62,3
62,5
64,0
64,2
64,4
64,5
64,7
65,0
65,2
65,4
65,3
65,1
64,6
64,3
64,1
62,4
62,1
61,6
61,4
61,1
58,3
58,1
57,3
57,0
56,4
56,1
55,4
55,1
54,5
54,2
53,5
53,3
53,0
52,8
52,5
52,2
51,6
51,3
51,1
48,5
48,2
47,5
47,3
47,0
46,2
46,0
42,6
42,3
42,1
41,8
41,4
41,1
40,11
40,7
40,4
40,2
39,15
39,12
39,8
39,6
39,3
39,0
38,4
38,1
37,6
37,3
37,1
36,2
34,3
34,1
31,6
31,3
0,269
0,384
0,268
0,383
0,267
0,382
0,266
0,381
0,265
0,380
0,264
0,379
0,263
0,378
0,262
0,377
0,261
0,376
0,260
0,422
0,259
0,375
0,258
0,374
0,257
0,373
0,256
0,372
0,255
0,371
0,254
0,432
0,253
0,370
0,252
0,369
0,251
0,431
0,250
0,368
0,249
0,367
0,248
0,366
0,247
0,365
0,246
0,364
0,245
0,363
0,244
0,430
0,242
0,362
0,241
0,361
0,240
0,360
0,239
0,359
0,238
0,358
0,237
0,236
0,356
0,235
0,355
0,234
0,354
0,233
0,421
0,232
0,353
0,231
0,352
0,230
0,351
0,229
0,350
0,228
0,349
0,227
0,348
0,226
0,347
0,225
0,346
0,224
0,345
0,223
0,344
0,222
0,343
0,221
0,433
0,220
0,437
0,219
0,342
0,218
0,420
0,217
0,419
0,216
0,341
0,215
0,418
0,214
0,429
0,213
0,340
0,212
0,417
0,211
0,434
0,210
0,339
0,209
0,338
0,208
0,337
0,207
0,336
0,206
0,335
0,205
0,334
0,204
0,333
0,203
0,332
0,202
0,331
0,201
0,330
0,200
0,329
0,199
0,328
0,198
0,327
0,197
0,326
0,196
0,325
0,195
0,323
0,194
0,416
0,193
0,322
0,192
0,415
0,63
0,321
0,62
0,320
0,61
0,414
0,60
0,319
0,59
0,318
0,58
0,317
0,57
0,316
0,56
0,315
0,55
0,413
0,54
0,314
0,53
0,313
0,52
0,412
0,51
0,312
0,50
0,311
0,49
0,310
0,48
0,309
0,47
0,308
0,46
0,307
0,45
0,301
0,6
0,5
0,304
0,303
0,306
0,305
0,302
0,12
0,435
0,10
0,8
0,439
0,11
0,4
0,2
0,3
0,7
